Variables are:
month
day
year
eu01
eu03
eu06

01  06  71       6.27       6.42       6.75
01  13  71       5.95       6.14       6.50
01  20  71       5.54       5.81       6.17
01  27  71       5.28       5.59       5.95
02  03  71       5.54       5.81       6.38
02  10  71       5.58       5.76       6.25
02  17  71       5.02       5.40       5.83
02  24  71       4.71       5.29       5.71
03  03  71       4.94       5.21       5.75
03  10  71       4.67       5.04       5.66
03  17  71       4.90       5.06       5.68
03  24  71       4.85       5.04       5.64
03  31  71       5.04       5.27       5.82
04  07  71       5.29       5.64       6.08
04  14  71       5.79       6.08       6.40
04  21  71       5.41       5.84       6.21
04  28  71       5.68       6.03       6.51
05  05  71       6.03       6.41       6.91
05  12  71       7.84       7.36       7.33
05  19  71       6.65       7.05       7.24
05  26  71       6.56       6.86       7.09
06  02  71       7.90       7.70       7.69
06  09  71       7.30       7.31       7.36
06  16  71       7.14       7.16       7.34
06  23  71       6.77       6.99       7.25
06  30  71       6.35       6.80       7.15
07  07  71       6.22       6.63       7.14
07  14  71       6.05       6.41       7.15
07  21  71       6.01       6.26       6.93
07  28  71       6.21       6.45       7.09
08  04  71       6.63       6.84       7.31
08  11  71       7.44       7.53       7.64
08  18  71      10.25       8.63       8.45
08  25  71       9.05       8.52       8.22
09  01  71       9.56       9.13       8.88
09  08  71       8.94       8.75       8.72
09  15  71       8.24       8.09       8.10
09  22  71       8.58       8.21       8.29
09  29  71       8.38       8.21       8.30
10  06  71       6.58       7.30       7.39
10  13  71       6.15       6.80       6.98
10  20  71       5.88       6.55       6.82
10  27  71       5.41       6.15       6.29
11  03  71       5.03       5.97       6.13
11  10  71       5.09       5.95       6.11
11  17  71       5.27       6.05       6.24
11  24  71       5.65       6.68       6.74
12  01  71       6.44       6.66       6.67
12  08  71       6.86       6.60       6.61
12  15  71       6.69       6.46       6.50
12  22  71       6.81       6.18       6.33
12  29  71       6.81       6.31       6.28
01  05  72       5.57       7.41       5.76
01  12  72       5.39       5.56       5.74
01  19  72       5.15       5.53       5.68
01  26  72       4.61       5.11       5.53
02  02  72       4.43       4.98       5.51
02  09  72       4.36       5.09       5.56
02  16  72       4.39       5.04       5.61
02  23  72       4.53       5.01       5.47
03  01  72       4.59       4.95       5.51
03  08  72       4.47       4.67       5.28
03  15  72       5.11       5.31       5.59
03  22  72       5.28       5.43       5.79
03  29  72       5.56       5.69       6.06
04  05  72       4.85       5.48       5.92
04  12  72       4.91       5.48       5.99
04  19  72       4.77       5.19       5.95
04  26  72       4.50       5.09       5.70
05  03  72       4.45       5.01       5.59
05  10  72       4.30       4.93       5.46
05  17  72       4.18       4.88       5.41
05  24  72       4.14       4.77       5.34
05  31  72       4.37       4.75       5.31
06  07  72       4.53       4.78       5.27
06  14  72       4.60       4.79       5.21
06  21  72       4.69       4.86       5.34
06  28  72       5.55       5.75       5.85
07  05  72       4.77       5.33       5.86
07  12  72       5.09       5.45       6.07
07  19  72       5.63       5.70       6.27
07  26  72       5.41       5.60       6.13
08  02  72       5.40       5.60       6.12
08  09  72       4.87       5.38       5.95
08  16  72       5.13       5.50       6.14
08  23  72       5.29       5.50       6.12
08  30  72       5.31       5.44       6.14
09  06  72       5.23       5.48       6.13
09  13  72       5.24       5.47       6.25
09  20  72       5.01       5.34       6.08
09  27  72       5.23       5.30       6.10
10  04  72       5.01       5.94       6.17
10  11  72       5.06       6.05       6.25
10  18  72       5.10       5.97       6.22
10  25  72       5.04       6.00       6.23
11  01  72       5.01       5.93       6.21
11  08  72       4.88       5.78       6.15
11  15  72       4.95       5.81       6.12
11  22  72       4.93       5.70       6.03
11  29  72       5.14       5.70       6.02
12  06  72       6.15       6.12       6.29
12  13  72       6.13       6.06       6.19
12  20  72       5.99       5.96       6.17
12  27  72       6.11       6.11       6.31
01  03  73       5.63       5.87       6.16
01  10  73       5.75       5.89       6.20
01  17  73       5.95       6.06       6.25
01  24  73       6.02       6.15       6.33
01  31  73       6.41       6.58       6.68
02  07  73       6.78       6.94       7.03
02  14  73       7.47       7.08       7.18
02  21  73       8.05       7.55       7.31
02  28  73       8.64       8.18       7.96
03  07  73       9.63       8.81       8.52
03  14  73       8.89       8.40       8.30
03  21  73       8.20       8.26       8.19
03  28  73       8.59       8.59       8.58
04  04  73       8.38       8.58       8.68
04  11  73       7.96       8.11       8.28
04  18  73       7.79       7.90       8.09
04  25  73       7.96       8.08       8.23
05  02  73       7.95       8.21       8.48
05  09  73       7.97       8.25       8.50
05  16  73       8.34       8.55       8.69
05  23  73       8.21       8.52       8.69
05  30  73       8.49       8.65       8.72
06  06  73       8.59       8.69       8.79
06  13  73       8.65       8.75       8.80
06  20  73       8.65       8.78       8.86
06  27  73       8.84       8.91       9.00
07  04  73       8.97       9.26       9.31
07  11  73       9.69       9.76       9.88
07  18  73       9.90       9.98      10.07
07  25  73      11.08      11.09      11.08
08  01  73      11.03      11.35      11.38
08  08  73      11.21      11.50      11.51
08  15  73      13.28      11.43      11.55
08  22  73      11.03      11.31      11.32
08  29  73      11.67      11.51      11.47
09  05  73      11.34      11.55      11.56
09  12  73      11.46      11.45      11.53
09  19  73      11.44      11.43      11.38
09  26  73      10.77      10.80      10.77
10  03  73      10.51      10.38      10.16
10  10  73      10.80      10.69      10.16
10  17  73      10.06      10.04       9.65
10  24  73       9.86       9.58       9.10
10  31  73       9.49       9.27       8.83
11  07  73       9.55       9.39       9.15
11  14  73       9.55       9.58       9.34
11  21  73       9.75       9.80       9.70
11  28  73      10.30      10.43      10.30
12  05  73      10.60      10.48      10.09
12  12  73      10.97      10.71      10.43
12  19  73      10.88      10.49      10.36
12  26  73      10.84      10.81      10.44
01  02  74      10.23      10.50      10.27
01  09  74       9.48       9.37       9.36
01  16  74       9.57       9.57       9.46
01  23  74       9.50       9.49       9.44
01  30  74       9.05       9.09       9.08
02  06  74       8.81       8.79       8.73
02  13  74       8.30       8.33       8.34
02  20  74       8.40       8.36       8.38
02  27  74       8.45       8.48       8.49
03  06  74       8.65       8.66       8.68
03  13  74       8.73       8.79       8.81
03  20  74       9.19       9.30       9.15
03  27  74       9.79       9.81       9.92
04  03  74       9.64       9.84       9.86
04  10  74      10.03      10.10      10.12
04  17  74       9.91      10.44      10.44
04  24  74      10.60      10.64      10.55
05  01  74      11.35      11.45      11.30
05  08  74      11.30      11.53      11.39
05  15  74      11.63      11.74      11.68
05  22  74      11.63      11.79      11.72
05  29  74      11.86      11.83      11.78
06  05  74      11.74      11.86      11.88
06  12  74      11.43      11.63      11.39
06  19  74      11.94      11.90      11.78
06  26  74      12.66      12.69      12.59
07  03  74      13.41      13.41      13.36
07  10  74      13.78      13.80      13.74
07  17  74      13.74      14.01      14.00
07  24  74      12.58      12.86      12.88
07  31  74      13.24      13.31      13.28
08  07  74      13.08      13.60      13.63
08  14  74      12.21      13.19      13.29
08  21  74      12.51      13.51      13.58
08  28  74      12.36      13.91      13.97
09  04  74      12.42      13.73      13.97
09  11  74      11.95      12.98      13.51
09  18  74      11.48      12.18      12.70
09  25  74      11.14      11.60      11.88
10  02  74      11.66      12.04      12.11
10  09  74      11.21      11.64      11.63
10  16  74      10.45      11.04      11.03
10  23  74       9.89      10.65      10.71
10  30  74       9.56      10.21      10.28
11  06  74       9.63      10.00       9.96
11  13  74       9.23       9.89       9.76
11  20  74       9.56      10.00       9.94
11  27  74       9.76      10.29      10.29
12  04  74      10.81      10.81      10.80
12  11  74      10.16      10.21      10.23
12  18  74      10.45      10.19      10.21
12  25  74       9.98       9.97       9.95
01  01  75       9.77      10.23      10.25
01  08  75       9.34       9.73       9.71
01  15  75       8.01       8.66       8.70
01  22  75       7.38       8.09       8.19
01  29  75       7.51       8.01       8.11
02  05  75       6.76       7.25       7.55
02  12  75       6.68       7.10       7.24
02  19  75       6.86       7.49       7.61
02  26  75       6.48       7.34       7.59
03  05  75       6.61       7.35       7.71
03  12  75       6.16       6.81       7.30
03  19  75       5.98       6.60       7.21
03  26  75       6.25       6.84       7.61
04  02  75       6.17       6.98       7.58
04  09  75       6.35       7.44       8.04
04  16  75       5.99       7.01       7.99
04  23  75       5.91       6.79       7.78
04  30  75       6.06       6.93       7.95
05  07  75       5.74       6.69       7.79
05  14  75       5.46       6.50       7.56
05  21  75       5.29       5.99       7.00
05  28  75       5.39       5.98       6.94
06  04  75       5.63       6.01       6.96
06  11  75       5.55       5.85       6.75
06  18  75       5.45       5.77       6.65
06  25  75       5.88       6.29       7.14
07  02  75       6.33       6.84       7.44
07  09  75       6.86       7.36       7.93
07  16  75       6.38       7.11       7.98
07  23  75       6.35       7.16       8.05
07  30  75       6.53       7.06       8.05
08  06  75       6.43       6.98       7.95
08  13  75       6.55       7.24       8.18
08  20  75       6.30       7.16       8.15
08  27  75       6.47       7.50       8.42
09  03  75       6.56       7.23       8.20
09  10  75       6.74       7.19       8.13
09  17  75       6.81       7.44       8.46
09  24  75       6.75       7.50       8.59
10  01  75       6.90       7.73       8.71
10  08  75       6.93       7.95       8.55
10  15  75       6.33       7.25       7.98
10  22  75       6.13       6.71       7.53
10  29  75       6.09       6.64       7.35
11  05  75       6.03       6.76       7.46
11  12  75       5.84       6.64       7.31
11  19  75       5.81       6.76       7.45
11  26  75       5.70       6.85       7.55
12  03  75       6.39       6.93       7.61
12  10  75       6.11       6.60       7.39
12  17  75       6.09       6.56       7.43
12  24  75       5.89       6.35       7.23
12  31  75       5.50       5.90       6.77
01  07  76       5.47       5.70       6.42
01  14  76       5.26       5.43       5.91
01  21  76       5.25       5.51       6.01
01  28  76       5.29       5.48       6.05
02  04  76       5.01       5.29       5.91
02  11  76       5.04       5.48       6.11
02  18  76       5.15       5.55       6.19
02  25  76       5.12       5.58       6.31
03  03  76       5.25       5.66       6.43
03  10  76       5.26       5.64       6.41
03  17  76       5.29       5.58       6.39
03  24  76       5.11       5.53       6.35
03  31  76       5.10       5.43       6.25
04  07  76       5.06       5.44       6.15
04  14  76       5.06       5.36       5.99
04  21  76       5.04       5.31       5.85
04  28  76       5.26       5.39       5.95
05  05  76       5.34       5.50       6.06
05  12  76       5.31       5.63       6.28
05  19  76       5.38       5.98       6.66
05  26  76       5.68       6.35       7.09
06  02  76       5.84       6.58       7.27
06  09  76       5.73       6.35       7.03
06  16  76       5.73       6.19       6.89
06  23  76       5.76       6.14       6.85
06  30  76       5.65       6.04       6.76
07  07  76       5.70       5.95       6.58
07  14  76       5.55       5.76       6.34
07  21  76       5.40       5.75       6.35
07  28  76       5.39       5.76       6.31
08  04  76       5.41       5.70       6.24
08  11  76       5.40       5.79       6.25
08  18  76       5.38       5.68       6.14
08  25  76       5.31       5.63       6.18
09  01  76       5.22       5.53       6.05
09  08  76       5.36       5.54       6.03
09  15  76       5.43       5.58       6.08
09  22  76       5.31       5.45       5.91
09  29  76       5.49       5.58       5.98
10  06  76       5.21       5.60       5.94
10  13  76       5.30       5.46       5.80
10  20  76       5.06       5.35       5.69
10  27  76       5.08       5.49       5.80
11  03  76       5.04       5.36       5.76
11  10  76       4.94       5.31       5.73
11  17  76       5.03       5.41       5.78
11  24  76       4.81       5.20       5.51
12  01  76       4.86       5.18       5.41
12  08  76       4.81       4.95       5.18
12  15  76       4.76       4.95       5.18
12  22  76       4.86       5.01       5.31
12  29  76       4.91       5.09       5.37
01  05  77       4.88       5.03       5.34
01  12  77       4.90       5.04       5.38
01  19  77       4.96       5.23       5.68
01  26  77       4.85       5.18       5.68
02  02  77       4.84       5.24       5.75
02  09  77       4.74       5.06       5.56
02  16  77       4.71       5.01       5.54
02  23  77       4.78       5.06       5.53
03  02  77       4.81       5.15       5.55
03  09  77       4.78       5.09       5.51
03  16  77       4.84       5.10       5.49
03  23  77       4.83       5.09       5.51
03  30  77       5.06       5.24       5.59
04  06  77       5.03       5.18       5.53
04  13  77       4.96       5.27       5.46
04  20  77       4.87       5.09       5.39
04  27  77       4.95       5.14       5.44
05  04  77       5.17       5.34       5.60
05  11  77       5.43       5.66       5.94
05  18  77       5.50       5.80       6.19
05  25  77       5.46       5.98       6.35
06  01  77       5.63       6.00       6.30
06  08  77       5.56       5.88       6.21
06  15  77       5.47       5.68       5.99
06  22  77       5.50       5.80       6.19
06  29  77       5.56       5.80       6.15
07  06  77       5.56       5.76       6.04
07  13  77       5.58       5.77       6.08
07  20  77       5.51       5.75       6.09
07  27  77       5.50       5.78       6.10
08  03  77       5.88       6.11       6.29
08  10  77       5.89       6.18       6.36
08  17  77       6.14       6.46       6.69
08  24  77       6.06       6.36       6.61
08  31  77       6.09       6.30       6.55
09  07  77       6.18       6.26       6.53
09  14  77       6.33       6.49       6.68
09  21  77       6.34       6.59       6.80
09  28  77       6.53       6.78       7.04
10  05  77       6.68       6.98       7.24
10  12  77       6.70       7.19       7.46
10  19  77       6.81       7.30       7.63
10  26  77       6.66       7.05       7.38
11  02  77       6.70       7.14       7.40
11  09  77       6.79       7.23       7.44
11  16  77       6.68       7.09       7.34
11  23  77       6.65       7.01       7.29
11  30  77       6.76       6.98       7.29
12  07  77       6.88       6.99       7.33
12  14  77       6.98       7.11       7.46
12  21  77       7.10       7.00       7.38
12  28  77       6.98       7.33       7.66
01  04  78       6.89       7.25       7.53
01  11  78       7.05       7.26       7.58
01  18  78       7.21       7.43       7.73
01  25  78       7.04       7.30       7.63
02  01  78       7.05       7.36       7.69
02  08  78       6.91       7.20       7.59
02  15  78       6.86       7.23       7.55
02  22  78       6.94       7.33       7.70
03  01  78       6.98       7.34       7.71
03  08  78       6.99       7.30       7.63
03  15  78       6.98       7.20       7.53
03  22  78       7.73       7.26       8.21
03  29  78       9.30       7.39       9.58
04  05  78       7.14       7.40       7.73
04  12  78       7.08       7.35       7.76
04  19  78       6.98       7.26       7.64
04  26  78       7.18       7.43       7.79
05  03  78       7.41       7.63       7.94
05  10  78       7.46       7.73       8.01
05  17  78       7.55       7.84       8.18
05  24  78       7.60       7.86       8.29
05  31  78       7.89       8.02       8.42
06  07  78       7.71       8.00       8.48
06  14  78       7.78       8.09       8.56
06  21  78       8.05       8.48       8.91
06  28  78       8.14       8.65       9.05
07  05  78       8.01       8.63       9.09
07  12  78       8.10       8.46       8.96
07  19  78       8.16       8.58       9.08
07  26  78       8.13       8.50       9.04
08  02  78       8.13       8.41       8.86
08  09  78       8.04       8.28       8.68
08  16  78       8.04       8.33       8.56
08  23  78       8.25       8.66       8.96
08  30  78       8.54       8.61       8.99
09  06  78       8.61       8.88       9.18
09  13  78       8.63       8.85       9.13
09  20  78       8.81       9.09       9.35
09  27  78       9.01       9.41       9.59
10  04  78       9.10       9.58       9.78
10  11  78       9.23       9.74       9.91
10  18  78       9.24       9.91      10.13
10  25  78       9.56      10.31      10.74
11  01  78       9.81      11.08      11.65
11  08  78      10.40      11.44      11.75
11  15  78      10.41      11.70      11.94
11  22  78      10.29      11.28      11.66
11  29  78      10.94      11.66      11.93
12  06  78      10.94      11.56      11.88
12  13  78      10.68      11.33      11.71
12  20  78      10.90      11.60      12.00
12  27  78      11.48      11.95      12.48
01  03  79      11.14      11.88      12.42
01  10  79      10.83      11.46      12.10
01  17  79      10.61      11.21      11.90
01  24  79      10.48      11.05      11.68
01  31  79      10.31      10.65      11.08
02  07  79      10.36      10.63      10.88
02  14  79      10.51      10.90      11.13
02  21  79      10.50      10.80      11.08
02  28  79      10.39      10.84      11.15
03  07  79      10.35      10.61      10.96
03  14  79      10.30      10.64      10.90
03  21  79      10.49      10.74      11.00
03  28  79      10.44      10.63      10.81
04  04  79      10.33      10.54      10.69
04  11  79      10.43      10.53      10.68
04  18  79      10.67      10.81      11.00
04  25  79      10.43      10.49      10.65
05  02  79      10.41      10.71      10.94
05  09  79      10.51      10.88      11.11
05  16  79      10.51      10.80      11.03
05  23  79      10.38      10.63      10.80
05  30  79      10.61      10.68      10.70
06  06  79      10.36      10.53      10.65
06  13  79      10.34      10.40      10.33
06  20  79      10.48      10.49      10.51
06  27  79      10.61      10.68      10.63
07  04  79      10.40      10.73      10.55
07  11  79      10.61      10.64      10.63
07  18  79      10.61      10.73      10.71
07  25  79      10.88      11.04      11.04
08  01  79      11.03      11.13      11.11
08  08  79      10.88      11.00      11.01
08  15  79      11.05      11.25      11.25
08  22  79      11.35      11.63      11.54
08  29  79      12.15      12.10      12.15
09  05  79      11.68      12.19      12.19
09  12  79      12.14      12.61      12.61
09  19  79      12.23      12.83      12.84
09  26  79      12.18      12.64      12.69
10  03  79      12.45      12.79      12.83
10  10  79      13.76      13.86      13.81
10  17  79      14.44      14.71      14.70
10  24  79      14.74      15.14      15.03
10  31  79      15.25      15.65      15.38
11  07  79      15.13      15.68      15.28
11  14  79      14.58      15.43      15.03
11  21  79      14.33      15.16      14.96
11  28  79      13.40      14.21      14.14
12  05  79      13.95      14.18      13.96
12  12  79      14.08      14.09      13.73
12  19  79      14.80      14.79      14.56
12  26  79      14.27      14.65      14.46
01  02  80      14.19      14.58      14.56
01  09  80      14.59      14.56      14.44
01  16  80      14.14      14.18      14.08
01  23  80      14.05      14.20      14.18
01  30  80      14.44      14.41      14.45
02  06  80      13.94      14.29      14.33
02  13  80      13.93      14.46      14.54
02  20  80      14.98      15.26      15.33
02  27  80      15.81      16.46      16.48
03  05  80      16.19      17.16      17.14
03  12  80      17.86      18.58      18.45
03  19  80      18.60      18.98      19.00
03  26  80      17.90      18.99      18.90
04  02  80      19.04      19.60      19.39
04  09  80      18.98      19.45      19.06
04  16  80      18.54      18.54      17.85
04  23  80      17.44      17.10      16.06
04  30  80      15.41      15.33      14.51
05  07  80      12.88      12.96      12.64
05  14  80      10.49      11.16      11.26
05  21  80      10.26      11.09      11.14
05  28  80       9.09       9.78       9.86
06  04  80      10.05      10.08      10.15
06  11  80       9.33       9.45       9.44
06  18  80       8.88       8.99       9.05
06  25  80       9.13       9.25       9.30
07  02  80       9.30       9.61       9.78
07  09  80       9.06       9.23       9.34
07  16  80       9.16       9.43       9.68
07  23  80       8.89       9.16       9.40
07  30  80       9.29       9.30       9.54
08  06  80       9.83      10.09      10.25
08  13  80       9.70      10.33      10.74
08  20  80       9.83      10.64      11.24
08  27  80      10.43      11.54      11.91
09  03  80      10.98      11.90      12.24
09  10  80      10.74      11.48      11.88
09  17  80      11.06      11.86      12.29
09  24  80      11.43      12.04      12.56
10  01  80      12.71      13.25      13.45
10  08  80      12.94      13.03      13.05
10  15  80      13.05      13.00      12.96
10  22  80      13.14      13.38      13.35
10  29  80      14.34      14.31      14.16
11  05  80      14.89      15.41      15.31
11  12  80      15.85      16.39      15.84
11  19  80      15.54      15.85      15.54
11  26  80      16.78      16.98      16.39
12  03  80      18.80      18.16      16.96
12  10  80      20.25      19.46      17.91
12  17  80      22.54      21.36      19.31
12  24  80      21.77      19.29      17.40
12  31  80      19.33      17.79      16.69
01  07  81      18.75      17.06      15.61
01  14  81      19.80      18.06      16.69
01  21  81      19.69      18.60      17.23
01  28  81      19.64      18.56      17.31
02  04  81      17.56      17.23      16.59
02  11  81      17.20      17.16      16.86
02  18  81      17.95      18.11      18.10
02  25  81      15.91      16.59      16.55
03  04  81      16.19      16.74      16.79
03  11  81      16.14      16.31      16.30
03  18  81      14.65      14.94      14.94
03  25  81      13.84      14.31      14.38
04  01  81      14.56      14.78      14.81
04  08  81      14.95      14.96      14.93
04  15  81      16.10      16.16      16.14
04  22  81      16.68      16.44      16.44
04  29  81      16.19      16.38      16.38
05  06  81      18.48      18.39      18.24
05  13  81      19.39      19.56      18.88
05  20  81      18.94      19.08      18.28
05  27  81      19.16      19.16      18.09
06  03  81      18.06      17.98      16.91
06  10  81      18.69      18.04      17.08
06  17  81      18.06      17.35      16.56
06  24  81      18.59      18.00      17.20
07  01  81      18.40      18.01      17.45
07  08  81      18.86      18.19      17.79
07  15  81      18.83      18.30      17.85
07  22  81      18.80      18.66      18.34
07  29  81      19.49      18.91      18.75
08  05  81      19.06      18.84      18.90
08  12  81      18.80      18.78      18.74
08  19  81      18.66      18.73      18.76
08  26  81      18.68      18.84      18.75
09  02  81      17.81      18.55      18.64
09  09  81      17.75      18.48      18.63
09  16  81      17.04      17.81      17.96
09  23  81      16.05      17.09      17.30
09  30  81      16.40      17.61      17.89
10  07  81      16.00      17.03      17.33
10  14  81      15.15      15.96      16.14
10  21  81      15.53      16.16      16.43
10  28  81      15.58      16.35      16.66
11  04  81      14.89      15.49      15.76
11  11  81      14.05      14.25      14.40
11  18  81      12.98      13.09      13.35
11  25  81      12.05      12.35      12.78
12  02  81      11.86      12.16      12.81
12  09  81      12.21      12.48      12.99
12  16  81      13.08      13.38      14.06
12  23  81      13.23      13.65      14.65
12  30  81      13.54      13.98      14.85
01  06  82      13.11      13.55      14.50
01  13  82      13.28      13.85      14.58
01  20  82      13.48      14.23      15.01
01  27  82      14.43      15.10      15.60
02  03  82      14.84      15.24      15.50
02  10  82      15.71      15.86      15.88
02  17  82      16.36      16.53      16.53
02  24  82      15.09      15.30      15.39
03  03  82      14.50      14.84      14.96
03  10  82      14.34      14.41      14.44
03  17  82      14.98      14.99      14.99
03  24  82      14.88      14.95      14.98
03  31  82      15.15      15.31      15.41
04  07  82      15.25      15.28      15.31
04  14  82      15.26      15.43      15.49
04  21  82      15.25      15.25      15.25
04  28  82      14.85      14.85      14.85
05  05  82      15.10      14.91      14.86
05  12  82      14.73      14.43      14.33
05  19  82      14.89      14.58      14.55
05  26  82      14.50      14.44      14.50
06  02  82      14.38      14.42      14.45
06  09  82      14.48      14.75      14.86
06  16  82      14.60      15.05      15.24
06  23  82      15.36      16.09      16.24
06  30  82      15.66      16.28      16.45
07  07  82      15.39      15.78      16.05
07  14  82      14.50      15.00      15.25
07  21  82      13.33      14.10      14.58
07  28  82      12.06      13.08      14.00
08  04  82      11.80      12.68      13.54
08  11  82      11.66      12.69      13.59
08  18  82      10.80      11.58      12.53
08  25  82       9.76      10.36      11.33
09  01  82      10.50      11.26      12.23
09  08  82      11.04      11.53      12.49
09  15  82      11.26      11.94      12.88
09  22  82      11.26      11.93      12.80
09  29  82      11.18      11.61      12.26
10  06  82      11.23      11.59      12.01
10  13  82      10.19      10.55      10.73
10  20  82       9.74      10.03      10.19
10  27  82       9.69       9.95      10.16
11  03  82       9.59       9.81      10.03
11  10  82       9.55       9.73       9.84
11  17  82       9.73       9.93      10.10
11  24  82       9.29       9.70       9.94
12  01  82       9.24       9.76      10.06
12  08  82       9.20       9.48       9.73
12  15  82       9.33       9.56       9.80
12  22  82       9.44       9.56       9.78
12  29  82       9.26       9.36       9.64
01  05  83       9.04       9.08       9.25
01  12  83       8.71       8.75       8.90
01  19  83       8.75       8.76       8.94
01  26  83       9.08       9.19       9.39
02  02  83       9.06       9.35       9.65
02  09  83       8.95       9.30       9.61
02  16  83       8.83       9.11       9.39
02  23  83       8.86       9.01       9.21
03  02  83       8.76       8.88       9.04
03  09  83       8.86       8.91       9.00
03  16  83       9.03       9.16       9.33
03  23  83       9.33       9.48       9.60
03  30  83       9.59       9.54       9.70
04  06  83       9.43       9.59       9.70
04  13  83       9.18       9.30       9.40
04  20  83       9.03       9.14       9.23
04  27  83       8.95       9.09       9.21
05  04  83       8.83       8.88       8.95
05  11  83       8.68       8.71       8.76
05  18  83       8.81       8.89       8.95
05  25  83       8.96       9.14       9.26
06  01  83       9.13       9.39       9.58
06  08  83       9.35       9.58       9.80
06  15  83       9.39       9.60       9.89
06  22  83       9.54       9.70       9.96
06  29  83       9.63       9.79      10.04
07  06  83       9.58       9.79      10.06
07  13  83       9.70      10.05      10.40
07  20  83       9.65      10.04      10.48
07  27  83       9.65      10.04      10.44
08  03  83       9.89      10.30      10.75
08  10  83       9.95      10.50      10.95
08  17  83       9.85      10.30      10.74
08  24  83       9.73      10.04      10.41
08  31  83       9.73      10.13      10.51
09  07  83       9.84      10.14      10.50
09  14  83       9.70       9.91      10.18
09  21  83       9.74       9.85      10.05
09  28  83       9.44       9.50       9.71
10  05  83       9.38       9.48       9.66
10  12  83       9.40       9.50       9.61
10  19  83       9.43       9.56       9.68
10  26  83       9.44       9.56       9.69
11  02  83       9.46       9.63       9.73
11  09  83       9.55       9.84       9.96
11  16  83       9.45       9.75       9.89
11  23  83       9.44       9.84       9.98
11  30  83       9.51       9.78       9.96
12  07  83       9.70       9.83      10.04
12  14  83      10.10      10.18      10.38
12  21  83      10.39      10.36      10.45
12  28  83      10.06      10.06      10.23
01  04  84       9.69       9.88      10.13
01  11  84       9.61       9.84      10.04
01  18  84       9.55       9.75       9.98
01  25  84       9.54       9.75       9.93
02  01  84       9.53       9.70       9.88
02  08  84       9.56       9.73       9.89
02  15  84       9.69       9.85      10.00
02  22  84       9.79      10.00      10.16
02  29  84       9.83      10.10      10.35
03  07  84       9.84      10.09      10.35
03  14  84      10.00      10.28      10.58
03  21  84      10.24      10.48      10.79
03  28  84      10.45      10.68      10.95
04  04  84      10.44      10.66      10.94
04  11  84      10.58      10.80      11.06
04  18  84      10.54      10.79      11.08
04  25  84      10.64      10.93      11.21
05  02  84      10.63      10.93      11.24
05  09  84      10.78      11.23      11.61
05  16  84      11.15      11.83      12.26
05  23  84      10.73      11.58      12.16
05  30  84      10.84      11.69      12.38
06  06  84      10.89      11.46      12.19
06  13  84      11.10      11.52      12.26
06  20  84      11.28      11.51      12.19
06  27  84      11.89      12.09      12.54
07  04  84      11.79      12.20      12.71
07  11  84      11.69      12.16      12.78
07  18  84      11.51      12.01      12.61
07  25  84      11.50      11.98      12.58
08  01  84      11.40      11.74      12.21
08  08  84      11.51      11.76      12.05
08  15  84      11.60      11.79      12.03
08  22  84      11.66      11.81      12.06
08  29  84      11.66      11.84      12.13
09  05  84      11.78      11.93      12.19
09  12  84      11.73      11.85      12.13
09  19  84      11.56      11.69      11.88
09  26  84      11.24      11.43      11.64
10  03  84      11.09      11.41      11.61
10  10  84      10.88      11.28      11.51
10  17  84      10.59      11.00      11.31
10  24  84       9.99      10.29      10.59
10  31  84       9.74      10.11      10.46
11  07  84       9.60       9.75       9.96
11  14  84       9.34       9.60       9.85
11  21  84       9.34       9.64       9.93
11  28  84       8.84       9.21       9.55
12  05  84       8.88       9.14       9.53
12  12  84       8.99       9.21       9.63
12  19  84       8.60       8.79       9.30
12  26  84       8.34       8.61       9.11
01  02  85       8.39       8.61       9.11
01  09  85       8.25       8.48       8.99
01  16  85       8.10       8.35       8.81
01  23  85       8.09       8.28       8.70
01  30  85       8.19       8.31       8.60
02  06  85       8.54       8.76       8.99
02  13  85       8.60       9.04       9.36
02  20  85       8.56       8.95       9.41
02  27  85       8.70       9.24       9.78
03  06  85       8.98       9.58      10.18
03  13  85       8.84       9.34       9.99
03  20  85       8.89       9.33       9.94
03  27  85       8.78       9.19       9.73
04  03  85       8.70       9.01       9.49
04  10  85       8.69       8.99       9.40
04  17  85       8.58       8.71       9.03
04  24  85       8.28       8.49       8.79
05  01  85       8.31       8.58       8.91
05  08  85       8.24       8.44       8.74
05  15  85       8.05       8.20       8.53
05  22  85       7.84       8.01       8.26
05  29  85       7.70       7.86       8.17
06  05  85       7.54       7.63       7.84
06  12  85       7.58       7.58       7.78
06  19  85       7.45       7.50       7.74
06  26  85       7.56       7.70       7.95
07  03  85       7.64       7.71       7.93
07  10  85       7.66       7.74       7.83
07  17  85       7.71       7.81       7.94
07  24  85       7.91       8.01       8.19
07  31  85       7.91       8.13       8.39
08  07  85       7.93       8.11       8.30
08  14  85       7.88       8.03       8.21
08  21  85       7.89       7.99       8.18
08  28  85       7.86       7.98       8.14
09  04  85       7.99       8.06       8.21
09  11  85       8.06       8.19       8.39
09  18  85       8.10       8.23       8.48
09  25  85       7.96       8.09       8.31
10  02  85       7.90       8.01       8.15
10  09  85       7.96       8.10       8.20
10  16  85       8.00       8.13       8.25
10  23  85       7.99       8.08       8.20
10  30  85       7.99       8.09       8.18
11  06  85       7.96       8.00       8.03
11  13  85       7.99       7.99       8.00
11  20  85       8.04       8.03       8.03
11  27  85       8.03       8.03       8.03
12  04  85       8.15       8.11       8.11
12  11  85       8.20       8.09       8.09
12  18  85       7.98       7.86       7.86
12  25  85       8.17       7.95       7.94
01  01  86       8.14       7.95       7.95
01  08  86       8.00       7.93       7.93
01  15  86       8.14       8.14       8.16
01  22  86       8.05       8.06       8.08
01  29  86       8.00       8.00       8.01
02  05  86       7.91       7.93       7.95
02  12  86       7.91       7.95       7.98
02  19  86       7.89       7.90       7.91
02  26  86       7.86       7.86       7.86
03  05  86       7.78       7.70       7.70
03  12  86       7.50       7.41       7.41
03  19  86       7.48       7.39       7.35
03  26  86       7.50       7.43       7.37
04  02  86       7.34       7.23       7.16
04  09  86       7.15       7.01       6.99
04  16  86       6.80       6.71       6.71
04  23  86       6.68       6.56       6.55
04  30  86       6.88       6.78       6.78
05  07  86       6.83       6.74       6.74
05  14  86       6.86       6.79       6.79
05  21  86       6.95       6.98       7.00
05  28  86       6.91       6.91       6.91
06  04  86       7.01       7.01       7.03
06  11  86       7.01       7.01       7.06
06  18  86       6.96       6.94       6.96
06  25  86       6.96       6.91       6.91
07  02  86       6.91       6.76       6.75
07  09  86       6.84       6.65       6.65
07  16  86       6.56       6.54       6.55
07  23  86       6.46       6.46       6.45
07  30  86       6.49       6.49       6.49
08  06  86       6.36       6.38       6.36
08  13  86       6.33       6.26       6.26
08  20  86       6.18       6.04       6.04
08  27  86       5.85       5.79       5.79
09  03  86       5.74       5.59       5.59
09  10  86       5.90       5.79       5.79
09  17  86       6.01       5.96       5.98
09  24  86       6.04       6.00       5.99
10  01  86       5.99       5.99       5.98
10  08  86       5.88       5.84       5.84
10  15  86       5.79       5.79       5.79
10  22  86       5.95       5.95       5.95
10  29  86       5.93       5.94       5.94
11  05  86       5.85       5.84       5.84
11  12  86       5.98       5.96       5.96
11  19  86       5.96       5.98       5.95
11  26  86       5.98       5.99       5.95
12  03  86       6.29       6.04       5.96
12  10  86       6.30       6.05       5.98
12  17  86       6.49       6.16       6.06
12  24  86       7.31       6.50       6.25
12  31  86       6.92       6.35       6.19
01  07  87       6.28       6.16       6.11
01  14  87       6.09       6.06       6.00
01  21  87       6.09       6.08       6.00
01  28  87       6.09       6.10       6.06
02  04  87       6.11       6.14       6.14
02  11  87       6.21       6.24       6.24
02  18  87       6.40       6.44       6.43
02  25  87       6.20       6.36       6.34
03  04  87       6.33       6.33       6.33
03  11  87       6.38       6.34       6.34
03  18  87       6.44       6.38       6.37
03  25  87       6.39       6.36       6.36
04  01  87       6.41       6.46       6.49
04  08  87       6.35       6.48       6.56
04  15  87       6.58       6.73       6.85
04  22  87       6.64       6.79       6.91
04  29  87       6.65       6.94       7.19
05  06  87       6.88       7.11       7.33
05  13  87       6.81       7.10       7.33
05  20  87       7.05       7.36       7.59
05  27  87       7.01       7.36       7.65
06  03  87       7.04       7.21       7.45
06  10  87       7.00       7.18       7.51
06  17  87       6.98       7.08       7.30
06  24  87       7.00       7.06       7.25
07  01  87       7.01       7.08       7.26
07  08  87       6.79       6.93       7.06
07  15  87       6.71       6.84       7.00
07  22  87       6.64       6.79       6.96
07  29  87       6.68       6.90       7.10
08  05  87       6.70       6.94       7.20
08  12  87       6.65       6.83       7.18
08  19  87       6.63       6.86       7.11
08  26  87       6.69       6.91       7.15
09  02  87       7.01       7.11       7.38
09  09  87       7.24       7.40       7.78
09  16  87       7.36       7.44       7.89
09  23  87       7.44       7.54       7.93
09  30  87       7.50       7.79       8.11
10  07  87       7.60       8.24       8.41
10  14  87       7.79       8.69       8.84
10  21  87       7.86       8.81       8.90
10  28  87       7.08       7.73       7.74
11  04  87       6.95       7.55       7.59
11  11  87       6.68       7.23       7.26
11  18  87       6.81       7.38       7.43
11  25  87       6.81       7.38       7.40
12  02  87       7.54       7.71       7.71
12  09  87       8.04       7.84       7.85
12  16  87       8.41       8.13       8.13
12  23  87       8.14       7.90       7.90
12  30  87       7.70       7.69       7.70
01  06  88       6.98       7.23       7.36
01  13  88       6.95       7.23       7.40
01  20  88       6.90       7.11       7.33
01  27  88       6.85       7.03       7.19
02  03  88       6.71       6.81       6.86
02  10  88       6.64       6.70       6.75
02  17  88       6.60       6.69       6.79
02  24  88       6.69       6.79       6.86
03  02  88       6.69       6.71       6.80
03  09  88       6.69       6.74       6.85
03  16  88       6.70       6.73       6.90
03  23  88       6.70       6.75       6.96
03  30  88       6.69       6.78       6.99
04  06  88       6.79       6.88       7.09
04  13  88       6.90       6.99       7.14
04  20  88       6.94       7.08       7.25
04  27  88       7.00       7.18       7.36
05  04  88       6.99       7.19       7.44
05  11  88       7.09       7.34       7.59
05  18  88       7.18       7.40       7.63
05  25  88       7.19       7.44       7.66
06  01  88       7.45       7.60       7.80
06  08  88       7.46       7.60       7.78
06  15  88       7.44       7.51       7.70
06  22  88       7.54       7.61       7.78
06  29  88       7.65       7.69       7.81
07  06  88       7.71       7.79       7.91
07  13  88       7.75       8.00       8.19
07  20  88       7.89       8.18       8.40
07  27  88       7.94       8.24       8.44
08  03  88       7.99       8.25       8.51
08  10  88       8.01       8.29       8.56
08  17  88       8.31       8.59       8.89
08  24  88       8.26       8.56       8.89
08  31  88       8.29       8.56       8.91
09  07  88       8.26       8.39       8.74
09  14  88       8.13       8.28       8.55
09  21  88       8.14       8.20       8.45
09  28  88       8.23       8.28       8.53
10  05  88       8.20       8.50       8.61
10  12  88       8.20       8.48       8.54
10  19  88       8.25       8.51       8.51
10  26  88       8.25       8.56       8.59
11  02  88       8.29       8.51       8.51
11  09  88       8.34       8.61       8.60
11  16  88       8.45       8.85       8.83
11  23  88       8.54       9.05       9.05
11  30  88       8.58       9.29       9.25
12  07  88       9.45       9.20       9.20
12  14  88       9.50       9.31       9.31
12  21  88       9.68       9.41       9.43
12  28  88       9.50       9.31       9.36
01  04  89       9.09       9.20       9.33
01  11  89       9.15       9.31       9.45
01  18  89       9.15       9.30       9.43
01  25  89       9.11       9.26       9.40
02  01  89       9.14       9.26       9.39
02  08  89       9.20       9.34       9.48
02  15  89       9.36       9.58       9.74
02  22  89       9.41       9.68       9.86
03  01  89       9.75      10.03      10.24
03  08  89       9.85      10.03      10.24
03  15  89       9.96      10.10      10.36
03  22  89      10.09      10.30      10.66
03  29  89      10.05      10.31      10.64
04  05  89       9.94      10.14      10.44
04  12  89       9.91      10.14      10.36
04  19  89       9.88      10.06      10.25
04  26  89       9.85       9.98      10.09
05  03  89       9.81       9.89       9.95
05  10  89       9.76       9.85       9.88
05  17  89       9.65       9.64       9.64
05  24  89       9.56       9.46       9.41
05  31  89       9.59       9.50       9.44
06  07  89       9.54       9.35       9.24
06  14  89       9.30       9.18       9.00
06  21  89       9.38       9.30       9.25
06  28  89       9.44       9.31       9.16
07  05  89       9.30       9.16       8.95
07  12  89       9.10       8.91       8.73
07  19  89       9.01       8.81       8.70
07  26  89       8.99       8.84       8.68
08  02  89       8.61       8.48       8.30
08  09  89       8.74       8.54       8.36
08  16  89       8.89       8.75       8.63
08  23  89       8.89       8.83       8.79
08  30  89       8.91       8.85       8.84
09  06  89       8.88       8.86       8.86
09  13  89       8.88       8.84       8.81
09  20  89       8.85       8.75       8.70
09  27  89       8.89       8.86       8.86
10  04  89       8.96       9.03       8.95
10  11  89       8.78       8.80       8.65
10  18  89       8.58       8.51       8.40
10  25  89       8.59       8.58       8.38
11  01  89       8.59       8.56       8.34
11  08  89       8.59       8.60       8.38
11  15  89       8.44       8.43       8.24
11  22  89       8.38       8.38       8.18
11  29  89       8.31       8.25       8.05
12  06  89       8.60       8.34       8.10
12  13  89       8.66       8.40       8.18
12  20  89       8.79       8.48       8.24
12  27  89       8.69       8.39       8.17
01  03  90       8.31       8.25       8.14
01  10  90       8.23       8.23       8.20
01  17  90       8.15       8.15       8.16
01  24  90       8.23       8.26       8.33
01  31  90       8.19       8.25       8.31
02  07  90       8.19       8.25       8.31
02  14  90       8.18       8.23       8.29
02  21  90       8.19       8.23       8.28
02  28  90       8.21       8.25       8.31
03  07  90       8.25       8.30       8.41
03  14  90       8.30       8.39       8.54
03  21  90       8.31       8.40       8.59
03  28  90       8.31       8.38       8.56
04  04  90       8.29       8.40       8.68
04  11  90       8.30       8.38       8.54
04  18  90       8.29       8.38       8.46
04  25  90       8.34       8.49       8.68
05  02  90       8.40       8.59       8.81
05  09  90       8.29       8.48       8.70
05  16  90       8.20       8.30       8.45
05  23  90       8.18       8.30       8.43
05  30  90       8.15       8.24       8.36
06  06  90       8.16       8.23       8.31
06  13  90       8.19       8.24       8.29
06  20  90       8.19       8.20       8.25
06  27  90       8.21       8.25       8.31
07  04  90       8.19       8.21       8.26
07  11  90       8.23       8.23       8.28
07  18  90       8.09       8.11       8.16
07  25  90       8.00       8.01       8.04
08  01  90       7.94       7.91       7.90
08  08  90       7.94       7.88       7.88
08  15  90       7.94       7.91       7.89
08  22  90       8.05       8.04       8.05
08  29  90       8.08       8.14       8.24
09  05  90       7.96       7.98       8.00
09  12  90       8.00       7.95       7.98
09  19  90       8.08       8.03       8.04
09  26  90       8.24       8.24       8.26
10  03  90       8.09       8.11       8.10
10  10  90       8.09       8.09       8.06
10  17  90       8.08       8.13       8.13
10  24  90       8.04       8.09       8.09
10  31  90       7.88       7.95       7.95
11  07  90       7.91       7.95       7.94
11  14  90       7.85       7.98       7.90
11  21  90       7.83       7.99       7.86
11  28  90       7.80       8.14       7.95
12  05  90       8.63       8.19       8.04
12  12  90       8.00       7.69       7.58
12  19  90       8.13       7.74       7.56
12  26  90       9.00       8.19       7.81
01  02  91       7.89       7.67       7.52
01  09  91       7.39       7.40       7.39
01  16  91       7.34       7.39       7.39
01  23  91       7.03       7.20       7.20
01  30  91       6.80       6.95       6.98
02  06  91       6.61       6.70       6.69
02  13  91       6.39       6.50       6.50
02  20  91       6.41       6.50       6.50
02  27  91       6.58       6.73       6.69
03  06  91       6.85       6.78       6.78
03  13  91       6.51       6.50       6.55
03  20  91       6.29       6.29       6.41
03  27  91       6.31       6.35       6.45
04  03  91       6.21       6.25       6.39
04  10  91       6.08       6.13       6.26
04  17  91       5.91       6.01       6.19
04  24  91       6.04       6.13       6.30
05  01  91       5.94       6.04       6.18
05  08  91       5.84       5.93       6.04
05  15  91       5.83       5.94       6.06
05  22  91       5.81       5.94       6.11
05  29  91       5.81       5.94       6.06
06  05  91       5.89       6.01       6.13
06  12  91       5.99       6.10       6.30
06  19  91       5.96       6.09       6.34
06  26  91       5.96       6.05       6.30
07  03  91       5.94       6.08       6.39
07  10  91       5.94       6.06       6.37
07  17  91       5.90       6.03       6.34
07  24  91       5.88       6.00       6.28
07  31  91       5.85       5.94       6.19
08  07  91       5.74       5.78       6.05
08  14  91       5.60       5.61       5.80
08  21  91       5.59       5.59       5.71
08  28  91       5.60       5.63       5.75
09  04  91       5.61       5.61       5.74
09  11  91       5.59       5.58       5.70
09  18  91       5.43       5.44       5.60
09  25  91       5.43       5.43       5.61
10  02  91       5.35       5.50       5.53
10  09  91       5.20       5.34       5.34
10  16  91       5.19       5.33       5.33
10  23  91       5.23       5.34       5.34
10  30  91       5.21       5.35       5.31
11  06  91       4.98       5.09       5.06
11  13  91       4.83       4.95       4.95
11  20  91       4.78       4.95       4.95
11  27  91       4.70       4.90       4.84
12  04  91       5.14       4.86       4.78
12  11  91       4.90       4.56       4.49
12  18  91       4.78       4.44       4.40
12  25  91       4.70       4.39       4.33
01  01  92       4.67       4.25       4.22
01  08  92       4.11       4.05       4.05
01  15  92       4.04       4.01       4.01
01  22  92       4.08       4.09       4.11
01  29  92       4.05       4.09       4.14
02  05  92       4.04       4.05       4.11
02  12  92       3.92       3.93       3.99
02  19  92       4.03       4.04       4.15
02  26  92       4.13       4.18       4.31
03  04  92       4.15       4.15       4.29
03  11  92       4.21       4.25       4.39
03  18  92       4.25       4.31       4.51
03  25  92       4.24       4.29       4.49
04  01  92       4.14       4.23       4.41
04  08  92       4.11       4.16       4.26
04  15  92       3.95       4.01       4.14
04  22  92       4.00       4.05       4.18
04  29  92       3.86       3.96       4.15
05  06  92       3.80       3.91       4.09
05  13  92       3.69       3.79       3.94
05  20  92       3.73       3.78       3.91
05  27  92       3.81       3.88       4.01
06  03  92       3.87       3.94       4.09
06  10  92       3.84       3.89       4.03
06  17  92       3.80       3.86       4.00
06  24  92       3.79       3.85       3.98
07  01  92       3.79       3.81       3.94
07  08  92       3.45       3.54       3.64
07  15  92       3.31       3.38       3.50
07  22  92       3.25       3.31       3.45
07  29  92       3.25       3.31       3.50
08  05  92       3.29       3.31       3.49
08  12  92       3.28       3.31       3.40
08  19  92       3.25       3.31       3.37
08  26  92       3.28       3.34       3.44
09  02  92       3.35       3.38       3.49
09  09  92       3.18       3.19       3.28
09  16  92       3.04       3.04       3.10
09  23  92       3.14       3.14       3.20
09  30  92       3.14       3.16       3.21
10  07  92       2.98       3.08       3.08
10  14  92       3.10       3.21       3.26
10  21  92       3.16       3.40       3.40
10  28  92       3.15       3.45       3.48
11  04  92       3.11       3.46       3.50
11  11  92       3.10       3.54       3.59
11  18  92       3.12       3.74       3.74
11  25  92       3.08       3.76       3.79
12  02  92       4.08       3.84       3.84
12  09  92       3.84       3.63       3.68
12  16  92       3.55       3.50       3.58
12  23  92       3.36       3.40       3.53
12  30  92       3.28       3.36       3.55
01  06  93       3.16       3.30       3.47
01  13  93       3.15       3.26       3.44
01  20  93       3.05       3.18       3.33
01  27  93       3.06       3.19       3.33
02  03  93       3.04       3.16       3.28
02  10  93       3.04       3.15       3.26
02  17  93       3.01       3.13       3.26
02  24  93       3.00       3.06       3.19
03  03  93       3.06       3.09       3.19
03  10  93       3.06       3.10       3.20
03  17  93       3.06       3.13       3.22
03  24  93       3.06       3.13       3.20
03  31  93       3.06       3.11       3.23
04  07  93       3.06       3.11       3.25
04  14  93       3.06       3.13       3.23
04  21  93       3.05       3.11       3.19
04  28  93       3.00       3.06       3.18
05  05  93       3.00       3.06       3.18
05  12  93       3.00       3.06       3.12
05  19  93       3.00       3.11       3.19
05  26  93       3.04       3.16       3.29
06  02  93       3.11       3.23       3.35
06  09  93       3.11       3.23       3.38
06  16  93       3.09       3.21       3.39
06  23  93       3.08       3.20       3.34
06  30  93       3.08       3.20       3.37
07  07  93       3.05       3.16       3.35
07  14  93       3.06       3.16       3.37
07  21  93       3.01       3.14       3.33
07  28  93       3.05       3.19       3.43
08  04  93       3.06       3.19       3.39
08  11  93       3.06       3.14       3.37
08  18  93       3.06       3.13       3.34
08  25  93       3.06       3.13       3.31
09  01  93       3.06       3.13       3.31
09  08  93       3.03       3.08       3.24
09  15  93       3.03       3.08       3.25
09  22  93       3.06       3.06       3.25
09  29  93       3.06       3.06       3.25
10  06  93       3.06       3.25       3.25
10  13  93       3.06       3.25       3.25
10  20  93       3.06       3.25       3.25
10  27  93       3.06       3.26       3.28
11  03  93       3.06       3.33       3.38
11  10  93       3.06       3.38       3.41
11  17  93       3.04       3.35       3.37
11  24  93       3.04       3.36       3.41
12  01  93       3.19       3.38       3.39
12  08  93       3.38       3.35       3.41
12  15  93       3.24       3.28       3.36
12  22  93       3.10       3.16       3.33
12  29  93       3.14       3.20       3.36
