Simulated data from an ARCH(1)/AR(1) process

   -0.4032
   -0.3668
    0.0100
    1.1195
    1.5225
    1.4525
    2.5839
    3.3010
    3.5695
    2.8339
    1.3190
    1.6621
    2.0085
    0.5819
    0.8400
   -0.1191
    0.6085
    0.2092
    1.4563
    0.7421
   -0.3565
   -1.8767
   -2.9592
   -4.6329
   -2.4421
   -1.6906
   -1.4572
   -2.6546
   -2.5469
   -2.1781
   -2.9522
   -3.3125
   -2.8022
   -2.9879
   -4.0675
   -1.0985
    2.8615
    9.8560
    8.2898
    7.9313
    8.6430
    6.7989
    5.1250
    2.9520
    1.2996
    1.2105
    1.4690
    1.0436
    0.9989
   -0.4499
    0.9143
   -0.0803
    1.2093
    1.6454
    2.6594
    0.7823
   -1.0596
   -0.6590
    0.9733
    1.2131
    0.0844
   -0.5594
    1.7013
   -0.8398
    0.0418
   -0.6859
   -0.1617
   -2.1330
   -2.2887
   -3.9709
   -3.1052
   -3.8416
   -3.4677
   -1.2397
   -0.1778
    0.3509
    0.3774
    0.8297
   -0.5651
    0.7208
    1.2438
    2.0737
    2.2660
    0.4799
    2.3644
   -1.8694
   -1.1564
   -0.8251
   -0.4792
   -3.0252
    0.7994
    1.0086
    2.4561
    1.8999
    0.9041
    0.4162
   -0.2486
    1.1628
    0.8769
    0.0803
   -0.0946
    0.7136
   -0.1458
   -0.9427
   -1.5798
    0.3111
    0.7111
   -0.5436
   -2.6540
    3.3613
    0.5366
    2.7705
    3.8156
    4.4355
    3.6461
    3.6454
    2.0826
    2.7113
    3.3728
    3.5015
    2.1914
    3.5751
    4.5254
    4.8552
    2.7100
    2.5052
    0.6375
    1.0027
    2.4390
    0.0256
    0.7785
   -0.2414
    0.3931
    2.1799
    1.9600
    1.4397
   -0.1840
    1.6337
    3.1147
   -0.0851
    1.2953
   -1.2465
    2.2062
    5.8349
   -0.1045
   -3.6440
   -4.4351
   -3.5357
   -0.9706
   -4.8904
   -4.6760
   -1.3929
   -0.9458
    0.0623
   -1.4121
   -0.5995
    0.6555
    0.2605
   -0.3380
   -0.5420
   -3.0248
   -5.6671
    1.1767
    2.9856
    0.8903
    0.6926
    2.2367
    3.8848
    3.0828
    3.4841
    4.4620
    5.1670
    7.2204
    5.1655
    5.9940
    5.8518
    3.7026
    6.7325
    7.5129
    5.2005
    4.4720
    3.3895
    2.1995
    3.1878
    2.8510
    1.4579
    1.4989
    0.4863
   -0.6851
   -2.8634
   -2.2090
   -1.4149
   -0.2375
    0.8672
    0.9853
    3.1311
    2.6088
    2.8859
    1.9675
    1.1883
    0.8765
    1.0353
    1.5861
    2.4950
    2.9261
    5.5250
    5.2164
    5.1346
    4.6729
    2.3934
    4.0448
    2.0149
    2.2604
    0.8625
   -0.5348
    1.6069
    0.0048
    1.1989
    3.0197
    0.2361
    0.2310
   -0.8756
   -1.1453
   -0.2053
   -1.6101
    0.9389
   -0.5552
   -1.0474
   -1.5763
   -2.3668
   -0.1742
    1.1604
    0.4221
    2.1228
    0.7055
   -1.2237
   -4.4859
   -6.6393
   -4.2368
   -3.4318
   -3.3165
   -2.9244
   -2.9725
   -1.3555
    0.0981
   -2.2585
   -1.2799
    0.5300
   -1.9517
   -4.7020
   -1.6288
    2.9240
    2.6395
    1.8308
    2.2525
    0.9985
    0.1713
    0.2161
   -1.2674
    0.1380
    1.7654
    1.5662
    1.1225
   -1.1416
   -0.9704
   -0.2999
   -1.7453
   -3.0665
   -1.8190
    0.6736
    1.0094
    2.0415
    0.5732
   -1.7784
   -3.9358
   -2.7127
   -0.9144
   -1.2308
    0.0705
    1.1131
    1.1531
    3.2748
    4.0326
    1.0110
   -3.0729
    7.9207
   15.1574
   18.9416
    9.3669
    5.1156
   -1.0667
    3.1991
    3.3898
    2.8633
    3.3350
    2.5491
    2.4223
    2.0729
    0.8483
    2.4757
.
.
.
.
.
.
.
.
.
.
.
.
.
.
.
.
