GE daily closing prices

   50.3958
   51.0104
   51.9167
   52.3750
   52.5417
   52.5729
   52.4271
   52.3750
   51.9479
   51.5729
   50.4792
   48.6771
   48.2604
   48.2604
   49.3854
   50.8646
   50.5521
   50.6354
   51.3229
   50.6979
   49.3958
   49.5312
   48.7292
   48.6979
   47.0625
   46.2292
   46.8438
   46.4688
   45.6875
   44.8333
   45.1667
   45.2812
   45.8438
   47.2708
   46.2708
   45.8229
   45.2917
   45.0104
   45.1458
   44.9167
   45.4896
   45.2188
   44.2708
   42.8125
   42.5104
   43.5521
   43.1667
   42.7708
   43.0417
   44.0208
   44.1042
   44.5000
   46.2604
   45.6875
   44.5000
   43.5833
   43.1979
   44.0104
   43.0208
   42.7604
   43.4896
   45.4896
   46.4375
   46.5625
   48.2500
   50.0938
   51.8229
   52.6146
   52.5000
   52.4375
   53.7083
   53.3438
   52.4375
   52.6667
   51.0000
   50.9479
   51.9583
   52.6667
   53.1458
   53.5833
   53.2083
   51.2396
   48.7917
   49.5208
   51.6458
   51.8229
   52.3333
   53.3750
   54.5312
   54.8750
   53.3542
   53.0938
   53.2917
   53.3333
   52.4271
   51.7083
   52.2500
   52.2500
   51.7812
   50.5312
   51.5625
   51.6562
   53.3438
   54.5938
   53.7500
   53.6250
   51.8438
   50.3125
   49.4688
   50.1250
   50.7812
   50.1250
   50.4375
   52.4062
   52.0625
   52.8750
   51.6562
   51.1875
   51.7188
   51.0625
   50.2500
   49.2812
   50.6562
   51.0625
   51.0000
   51.6172
   50.8750
   51.0312
   49.7812
   48.9688
   49.2188
   49.5625
   49.6875
   50.1875
   49.9062
   51.0312
   51.9375
   50.8750
   50.4062
   50.9062
   51.8750
   52.7188
   53.0625
   52.9688
   52.0000
   53.0000
   53.0000
   52.9375
   53.7812
   54.1875
   54.1250
   53.8438
   53.0312
   52.6562
   51.5000
   52.1562
   52.3438
   52.1562
   52.8750
   52.3438
   52.8750
   52.9062
   54.9062
   56.3438
   56.5625
   56.5000
   56.7812
   56.7188
   56.6250
   56.1250
   56.5938
   56.5000
   57.0938
   58.6562
   59.2188
   59.9688
   59.5625
   58.2188
   58.2500
   58.7500
   58.4375
   58.8750
   58.6875
   59.1250
   59.3750
   59.3438
   59.0938
   58.8438
   57.5000
   57.5000
   57.2812
   56.0312
   56.7188
   56.5625
   57.5938
   57.9375
   58.6562
   59.1875
   58.2812
   58.3125
   59.1875
   59.1875
   59.3438
   58.8750
   59.1250
   58.3750
   56.5000
   55.5625
   56.0625
   57.2500
   56.3125
   54.3438
   55.3438
   53.4375
   50.5000
   51.7188
   53.0000
   52.3750
   52.5000
   53.1250
   54.3750
   54.4062
   54.2500
   53.4062
   53.9375
   54.6562
   54.6875
   54.0000
   53.8125
   51.8750
   52.1875
   52.3125
   52.8125
   52.3125
   50.9062
   50.8125
   49.2188
   49.4375
   49.9688
   49.4688
   49.9688
   49.0000
   50.8750
   51.3438
   53.0625
   53.5000
   53.6250
   54.9375
   55.2812
   53.6875
   53.1875
   52.1250
   50.2500

